td_0_string=mdl-2006:mdc_ihbarlar
td_0_data=120.000000 126.000000 4 0 1 0 0.600000 2.000000 -1 255 50 1 392.500000 291.500000 0 1 1 0 1 1 -10.000000 0.000000 -20.000000 1.000000 255 255 50 bg
td_0_bar_data=100.000000 0 
td_1_string=Arayan: Servis: Lokasyon: Aciklama: Tarih: Durum:
td_1_data=200.000000 147.000000 1 0 0 0 0.283333 1.049998 255 255 50 0 226.500000 17.000000 0 1 1 0 1 1 -10.000000 0.000000 -20.000000 1.000000 255 255 50 
td_1_bar_data=100.000000 0 
td_2_string=#1338 Kevin_McCavish~n~Kevin_McCavish~n~Verona Mall~n~Bicakli saldiri~n~08/06/2020~n~~r~Beklemede
td_2_data=248.000000 147.000000 1 0 0 0 0.283333 1.049998 -741092353 255 50 0 409.500000 17.000000 0 1 1 0 1 1 -10.000000 0.000000 -20.000000 1.000000 255 255 50 
td_2_bar_data=100.000000 0 
td_3_string=YONLEN
td_3_data=427.000000 189.000000 2 0 0 0 0.258332 1.750000 -1 255 -2078135553 1 10.500000 50.500000 1 2 1 0 1 1 -10.000000 0.000000 -20.000000 1.000000 255 255 255 
td_3_bar_data=100.000000 0 
td_4_string=DETAY
td_4_data=481.000000 189.000000 2 0 0 0 0.229166 1.799999 -1 255 589374975 1 10.500000 50.500000 1 2 1 0 1 1 -10.000000 0.000000 -20.000000 1.000000 255 255 255 
td_4_bar_data=100.000000 0 
td_5_string=Arayan: Servis: Lokasyon: Aciklama: Tarih: Durum:
td_5_data=200.000000 211.000000 1 0 0 0 0.283333 1.049998 255 255 50 0 226.500000 17.000000 0 1 1 0 1 1 -10.000000 0.000000 -20.000000 1.000000 255 255 50 
td_5_bar_data=100.000000 0 
td_6_string=YONLEN
td_6_data=427.000000 254.000000 2 0 0 0 0.258332 1.750000 -1 255 -2078135553 1 10.500000 50.500000 1 2 1 0 1 1 -10.000000 0.000000 -20.000000 1.000000 255 255 255 
td_6_bar_data=100.000000 0 
td_7_string=~>~
td_7_data=428.000000 404.000000 2 0 0 0 0.291666 1.200000 -1 255 1465342207 1 10.500000 156.500000 1 2 1 0 1 1 -10.000000 0.000000 -20.000000 1.000000 255 255 255 
td_7_bar_data=100.000000 0 
td_8_string=~<~
td_8_data=278.000000 404.000000 2 0 0 0 0.291666 1.200000 -1 255 1465342207 1 10.500000 156.500000 1 2 1 0 1 1 -10.000000 0.000000 -20.000000 1.000000 255 255 255 
td_8_bar_data=100.000000 0 
