td_0_string=KM/H: ~g~100~n~~b~Yakit: ~g~100~n~_~n~~b~Radyo Bilgi~n~Kanal: ~g~91111~n~~b~Slot: ~g~10
td_0_data=547.000000 114.000000 3 0 0 1 0.395833 1.500000 758542591 255 50 0 376.000000 99.000000 0 2 1 0 1 1 -10.000000 0.000000 -20.000000 1.000000 255 255 50 
td_0_bar_data=100.000000 0 
