td_0_string= ~l~N Market Street
td_0_data=457.000000 429.000000 2 0 1 0 0.241666 1.550000 -1 -1094795521 50 0 614.000000 17.000000 0 1 1 0 1 1 -10.000000 0.000000 -20.000000 1.000000 255 255 50 hud1
td_0_bar_data=100.000000 0 
td_1_string=N Market Street
td_1_data=26.000000 425.000000 2 0 1 0 0.220833 1.500000 -1 1296911871 50 0 198.000000 17.000000 0 1 1 0 1 1 -10.000000 0.000000 -20.000000 1.000000 255 255 50 
td_1_bar_data=100.000000 0 
td_2_string= ~l~N Market Street
td_2_data=257.000000 12.000000 2 0 1 0 0.241666 1.500000 -1 -1094795521 50 0 614.000000 17.000000 0 1 1 0 1 1 -10.000000 0.000000 -20.000000 1.000000 255 255 50 
td_2_bar_data=100.000000 0 
td_3_string=N Market Street
td_3_data=508.000000 105.000000 2 0 1 0 0.195833 1.250001 -1 1296911871 50 0 653.000000 17.000000 0 1 1 0 1 1 -10.000000 0.000000 -20.000000 1.000000 255 255 50 
td_3_bar_data=100.000000 0 
td_4_string=N Market Street
td_4_data=33.000000 303.000000 2 0 1 0 0.195833 1.250001 -1 1296911871 50 0 653.000000 17.000000 0 1 1 0 1 1 -10.000000 0.000000 -20.000000 1.000000 255 255 50 
td_4_bar_data=100.000000 0 
td_5_string=N Market Street
td_5_data=33.000000 433.000000 1 0 1 0 0.195833 1.250001 -1 1296911871 50 0 653.000000 17.000000 0 1 1 0 1 1 -10.000000 0.000000 -20.000000 1.000000 255 255 50 
td_5_bar_data=100.000000 0 
