td_0_string=~g~100__~r~9__~w~15
td_0_data=497.000000 101.000000 3 0 1 0 0.600000 2.000000 -1 255 50 0 633.000000 17.000000 0 1 1 0 1 1 -10.000000 0.000000 -20.000000 1.000000 255 255 50 
td_0_bar_data=100.000000 0 
