td_0_string=Tahoma_~r~100_90~y~KMH/~r~92~y~MPH~n~~w~Kanal: ~y~123~n~~w~Slot: ~y~11
td_0_data=13.000000 166.000000 1 0 1 0 0.341666 1.750000 -1 255 50 0 224.500000 315.500000 0 1 1 0 1 1 -10.000000 0.000000 -20.000000 1.000000 255 255 50 hud1
td_0_bar_data=100.000000 0 
td_1_string=N Market Street
td_1_data=13.000000 166.000000 1 0 1 0 0.341666 1.750000 -1 255 50 0 224.500000 315.500000 0 1 1 0 1 1 -10.000000 0.000000 -20.000000 1.000000 255 255 50 
td_1_bar_data=100.000000 0 
