td_0_string=~l~Landstalker~n~~w~0   ~l~0   ~w~1000   ~l~100
td_0_data=545.000000 406.000000 2 0 1 0 0.395832 1.899999 -1 1296911871 50 0 468.000000 176.500000 0 2 1 0 1 1 -10.000000 0.000000 -20.000000 1.000000 255 255 50 
td_0_bar_data=100.000000 0 
