td_0_string=KM/H: 100~n~Yakit: 100~n~_~n~Kanal: 91111~n~Slot: 10
td_0_data=560.000000 349.000000 3 0 1 0 0.341666 1.350000 -1 255 50 0 657.500000 129.500000 0 2 1 0 1 1 -10.000000 0.000000 -20.000000 1.000000 255 255 50 
td_0_bar_data=100.000000 0 
