td_0_string=mdl-2002:giris_mdc
td_0_data=120.000000 126.000000 4 0 1 0 0.600000 2.000000 -1 255 50 1 392.500000 291.500000 0 1 1 0 1 1 -10.000000 0.000000 -20.000000 1.000000 255 255 50 bg
td_0_bar_data=100.000000 0 
td_1_string=~<~ Kevin McCavish Geri Don
td_1_data=196.000000 143.000000 2 0 0 0 0.170833 1.300000 1296911788 255 50 0 313.000000 17.000000 1 1 1 0 1 1 -10.000000 0.000000 -20.000000 1.000000 172 255 50 
td_1_bar_data=100.000000 0 
td_2_string=samaps:map
td_2_data=326.000000 145.000000 4 0 1 0 0.600000 2.000000 -1 255 50 1 181.500000 167.000000 0 1 1 0 1 1 -10.000000 0.000000 -20.000000 1.000000 255 255 50 harita
td_2_bar_data=100.000000 0 
td_3_string=Secili Adres
td_3_data=200.000000 159.000000 1 0 0 0 0.245833 1.300000 172 255 50 0 313.000000 17.000000 0 1 1 0 1 1 -10.000000 0.000000 -20.000000 1.000000 172 255 50 
td_3_bar_data=100.000000 0 
td_4_string=1403 Martin Luther King Drive~n~Idlewood Los Santos,  415~n~San Andreas
td_4_data=200.000000 172.000000 1 0 0 0 0.216667 1.250000 1296911788 255 50 0 313.000000 17.000000 1 1 1 0 1 1 -10.000000 0.000000 -20.000000 1.000000 172 255 50 
td_4_bar_data=100.000000 0 
td_5_string=Diger Adresler
td_5_data=200.000000 208.000000 1 0 0 0 0.245833 1.300000 172 255 50 0 313.000000 17.000000 0 1 1 0 1 1 -10.000000 0.000000 -20.000000 1.000000 172 255 50 
td_5_bar_data=100.000000 0 
td_6_string=- 240 Alandele Avenue
td_6_data=200.000000 225.000000 1 0 0 0 0.216667 1.250000 1296911788 255 -1 1 313.000000 17.000000 1 1 1 0 1 1 -10.000000 0.000000 -20.000000 1.000000 172 255 255 
td_6_bar_data=100.000000 0 
td_7_string=- 240 Alandele Avenue
td_7_data=200.000000 243.000000 1 0 0 0 0.216667 1.250000 1296911788 255 -1 1 313.000000 17.000000 1 1 1 0 1 1 -10.000000 0.000000 -20.000000 1.000000 172 255 255 
td_7_bar_data=100.000000 0 
